,Bearish,Neutral,Bullish,Total/Compound
AMD,0.061,0.801,0.138,0.454
TSLA,0.069,0.794,0.137,0.383
AAPL,0.062,0.801,0.137,0.435
PE,0.065,0.799,0.136,0.508
MSFT,0.053,0.805,0.142,0.448
ET,0.049,0.855,0.095,0.887
AMZN,0.059,0.804,0.138,0.438
TD,0.048,0.814,0.138,0.499
GE,0.076,0.794,0.130,0.334
FB,0.067,0.798,0.134,0.379
NIO,0.063,0.795,0.142,0.426
X,0.065,0.805,0.129,0.501
NVDA,0.058,0.808,0.134,0.431
BABA,0.064,0.798,0.138,0.364
T,0.059,0.766,0.140,0.462
AI,0.047,0.824,0.128,0.562
B,0.060,0.799,0.137,0.549
DIS,0.057,0.799,0.145,0.448
SQ,0.049,0.813,0.138,0.438
V,0.048,0.780,0.136,0.419
GM,0.073,0.806,0.121,0.372
TV,0.061,0.816,0.122,0.522
PLTR,0.058,0.794,0.148,0.379
IBM,0.060,0.817,0.124,0.512
NFLX,0.068,0.802,0.130,0.419
TA,0.059,0.822,0.120,0.614
BA,0.067,0.800,0.132,0.364
MU,0.061,0.806,0.134,0.351
C,0.052,0.793,0.128,0.566
F,0.068,0.721,0.126,0.348
SHOP,0.066,0.803,0.132,0.359
DCF,0.045,0.813,0.142,0.692
JPM,0.057,0.802,0.142,0.457
FCF,0.054,0.807,0.138,0.659
O,0.046,0.749,0.137,0.428
KO,0.048,0.803,0.149,0.554
NET,0.042,0.824,0.134,0.409
JNJ,0.045,0.816,0.139,0.542
XOM,0.064,0.793,0.143,0.455
DKNG,0.052,0.803,0.146,0.436
MA,0.049,0.819,0.133,0.540
ATVI,0.063,0.788,0.150,0.490
CD,0.069,0.799,0.132,0.435
CVS,0.058,0.808,0.134,0.577
GOOG,0.050,0.813,0.137,0.503
BAC,0.059,0.791,0.150,0.494
MSCI,0.039,0.853,0.108,0.592
NAV,0.057,0.815,0.128,0.567
WMT,0.057,0.801,0.142,0.480
JD,0.057,0.800,0.143,0.505
EA,0.083,0.785,0.132,0.411
DAL,0.066,0.797,0.137,0.417
SNAP,0.085,0.787,0.128,0.335
DOW,0.082,0.805,0.113,0.209
SE,0.043,0.829,0.128,0.430
LPL,0.056,0.841,0.103,0.842
NKLA,0.109,0.760,0.131,0.172
SPCE,0.060,0.792,0.148,0.390
INTC,0.059,0.809,0.132,0.456
IP,0.069,0.801,0.129,0.500
MGM,0.057,0.807,0.135,0.403
Y,0.061,0.800,0.127,0.500
CGC,0.051,0.812,0.137,0.428
PEG,0.047,0.807,0.146,0.757
GOOGL,0.049,0.817,0.134,0.518
VERY,0.078,0.778,0.144,0.461
LUV,0.058,0.798,0.144,0.437
RTX,0.048,0.797,0.155,0.466
MO,0.048,0.824,0.128,0.421
SP,0.055,0.791,0.154,0.583
BP,0.068,0.801,0.132,0.429
GILD,0.056,0.801,0.143,0.508
BYND,0.078,0.793,0.128,0.277
ENPH,0.050,0.810,0.140,0.400
WFC,0.065,0.805,0.129,0.425
UPS,0.052,0.827,0.121,0.535
CCL,0.071,0.793,0.136,0.340
IQ,0.066,0.799,0.136,0.416
R,0.052,0.774,0.113,0.497
AAL,0.083,0.786,0.131,0.360
GME,0.065,0.802,0.132,0.451
SBUX,0.058,0.808,0.134,0.454
PLUG,0.048,0.823,0.129,0.466
TWTR,0.066,0.804,0.129,0.438
VZ,0.047,0.810,0.143,0.597
NYC,0.063,0.820,0.117,0.368
MS,0.059,0.811,0.129,0.512
ABBV,0.044,0.820,0.136,0.498
ACB,0.063,0.799,0.139,0.441
ABC,0.081,0.772,0.147,0.529
HD,0.056,0.811,0.133,0.494
PFE,0.051,0.810,0.139,0.477
API,0.038,0.836,0.126,0.553
WM,0.055,0.813,0.131,0.416
ROIC,0.056,0.800,0.144,0.665
LMT,0.053,0.795,0.152,0.501
M,0.054,0.791,0.106,0.507
MCD,0.059,0.811,0.130,0.447
QCOM,0.063,0.814,0.123,0.432
L,0.053,0.778,0.095,0.550
