,Bearish,Neutral,Bullish
AMD,0.181,0.641,0.178
TSLA,0.171,0.711,0.118
AAPL,0.169,0.703,0.128
MSFT,0.130,0.723,0.146
PE,0.212,0.639,0.149
TD,0.099,0.819,0.082
AMZN,0.163,0.690,0.146
ET,0.490,0.316,0.194
FB,0.211,0.659,0.130
GE,0.278,0.611,0.111
NIO,0.152,0.675,0.174
X,0.171,0.736,0.094
NVDA,0.171,0.660,0.169
BABA,0.172,0.684,0.144
T,0.139,0.739,0.122
AI,0.109,0.734,0.158
B,0.140,0.775,0.086
DIS,0.184,0.665,0.151
V,0.165,0.692,0.143
SQ,0.132,0.703,0.165
NFLX,0.195,0.676,0.129
GM,0.269,0.592,0.139
PLTR,0.108,0.759,0.133
TV,0.208,0.640,0.152
BA,0.229,0.631,0.140
C,0.178,0.724,0.098
IBM,0.260,0.587,0.153
TA,0.089,0.847,0.064
MU,0.180,0.694,0.125
F,0.185,0.705,0.110
JPM,0.180,0.659,0.161
SHOP,0.168,0.670,0.163
KO,0.130,0.719,0.151
BAC,0.169,0.689,0.142
DCF,0.112,0.780,0.108
NET,0.136,0.698,0.166
O,0.106,0.782,0.112
FCF,0.185,0.668,0.146
JNJ,0.134,0.712,0.154
XOM,0.199,0.647,0.154
ATVI,0.215,0.605,0.180
WMT,0.188,0.625,0.187
DKNG,0.135,0.684,0.180
MA,0.146,0.707,0.147
GOOG,0.143,0.733,0.124
CVS,0.293,0.533,0.174
NKLA,0.200,0.685,0.115
CD,0.105,0.811,0.084
SNAP,0.262,0.636,0.101
DTE,0.122,0.801,0.077
NAV,0.198,0.714,0.088
DAL,0.198,0.649,0.152
SPCE,0.133,0.750,0.117
INTC,0.232,0.596,0.172
MSCI,0.133,0.752,0.115
EA,0.318,0.547,0.134
JD,0.208,0.593,0.199
GOOGL,0.179,0.663,0.158
DOW,0.346,0.542,0.112
CGC,0.148,0.689,0.163
MGM,0.201,0.639,0.161
SE,0.115,0.717,0.169
IP,0.206,0.634,0.159
LPL,0.635,0.157,0.208
BP,0.246,0.614,0.140
AAL,0.265,0.599,0.136
Y,0.182,0.690,0.128
VERY,0.185,0.699,0.116
GILD,0.201,0.609,0.190
SP,0.209,0.655,0.136
RTX,0.167,0.652,0.180
BYND,0.170,0.692,0.139
API,0.086,0.846,0.068
GME,0.236,0.620,0.144
LUV,0.194,0.625,0.181
LEAP,0.108,0.811,0.081
PEG,0.258,0.632,0.109
TWTR,0.215,0.636,0.149
MO,0.129,0.732,0.139
ACB,0.173,0.679,0.147
CCL,0.228,0.622,0.151
UPS,0.234,0.607,0.160
WFC,0.285,0.596,0.118
R,0.186,0.736,0.078
CC,0.164,0.733,0.103
IQ,0.161,0.691,0.148
MS,0.217,0.646,0.137
ABC,0.156,0.787,0.058
HD,0.182,0.648,0.169
SBUX,0.185,0.673,0.141
LMT,0.171,0.654,0.175
ABBV,0.173,0.666,0.162
ENPH,0.138,0.682,0.180
GS,0.279,0.608,0.113
M,0.255,0.628,0.117
PLUG,0.185,0.638,0.177
PFE,0.177,0.638,0.185
VZ,0.154,0.705,0.140
NYC,0.263,0.650,0.087
CBOE,0.147,0.766,0.087
